2026011001
2026011002
2026011003
2026011004
2026011005
2026011006
2026011007
2026011008
2026011009
2026011010
2026011011
2026011012
2026011013
2026011014
2026011015
2026011016
2026011017
2026011018
2026011019
2026011020
2026011021
2026011022
2026011023
2026011024
2026011025
2026011026
2026011027
2026011028
2026011029
2026011030
2026011031
2026011032
2026011033
2026011034
2026011035
2026011036
2026011037
2026011038
2026011039
2026011040
2026011041
2026011042
2026011043
2026011044
2026011045
2026011046
2026011047
2026011048
2026011049
2026011050
2026011051
2026011052
2026011053
2026011054
2026011055
2026011056
2026011057
2026011058
2026011059
2026011060
2026011061
2026011062
2026011063
2026011064
2026011065
2026011066
2026011067
2026011068
2026011069
2026021001
2026021002
2026021003
2026021004
2026021005
2026021006
2026021007
2026021008
2026021009
2026021010
2026021011
2026021012
2026021013
2026021014
2026021015
2026021016
2026021017
2026021018
2026021019
2026021020
2026021021
2026021022
2026021023
2026021024
2026021025
2026021026
2026021027
2026021028
2026021029
2026021030
2026021031
2026021032
2026021033
2026021034
2026021035
2026021036
2026021037
2026021038
2026021039
2026021040
2026021041
2026021042
2026021043
2026021044
2026021045
2026021046
2026021047
2026021048
2026021049
2026021050
2026021051
2026021052
2026021053
2026021054
2026021055
2026021056
2026021057
2026021058
2026021059
2026021060
2026021061
2026021062
2026021063
2026021064
2026021065
2026021066
2026021067
2026021068
2026021069
2026021070
2026021071
2026021072
2026021073
2026021101
2026021102
2026021103
2026021104
2026021105
2026021106
2026021107
2026021108
2026021109
2026021110
2026021111
2026021112
2026021113
2026021114
2026021115
2026021116
2026021117
2026021118
2026021119
2026021120
2026021121
2026021122
2026021123
2026021124
2026021125
2026021126
2026021127
2026021128
2026021129
2026021130
2026021131
2026021132
2026021133
2026021134
2026021135
2026021136
2026021137
2026021138
2026021139
2026021140
2026021141
2026021142
2026021143
2026021144
2026021145
2026021146
2026021147
2026021148
2026021149
2026021150
2026021151
2026021152
2026021153
2026021154
2026021155
2026021156
2026021157
2026021158
2026021159
2026021160
2026021161
2026021162
2026021163
2026021164
2026021165
2026021166
2026021167
2026021168
2026021169
2026021170
2026021171
2026021172
2026021173
